_layouts/default.html
  h_1197a506f6c7d6 44,49,54
absurdly-goud-obsidian/assets/logos/logo-rubber-duck-emily-and-lyra.svg
  h_1197a506f6c7d6 1-436
absurdly-goud-obsidian/assets/logos/logo-rubber-duck-octavia.svg
  h_1197a506f6c7d6 1-2,4,6-9,14-16,21-23,28-30,34-38,40-45,47,49-54,59-64,69-74,79-84,89-94,99-100,105,107,109,115,117,119,125,129,135,139,145,149,155,159,165,169,175,179,185,189,195,199,205,209,215,219,225,229,235,239,245,249,255,259,265,269,275,279,285,289,295-296,302-303,309-310,316-317,323-324,330-331,336-409,413-418
  h_1197a506f6c7d6 101-104,410-412
absurdly-goud-obsidian/journey/whiteboard/horn.svg
  h_1197a506f6c7d6 1-25
absurdly-goud-obsidian/journey/whiteboard/rainbow-arc.svg
  h_1197a506f6c7d6 1-34
absurdly-goud-obsidian/journey/whiteboard/rainbow-tail.svg
  h_1197a506f6c7d6 1-35
absurdly-goud-obsidian/journey/whiteboard/website-whiteboard.excalidraw.md
  h_1197a506f6c7d6 507-510,520-527,1747,1749,1753,1761-2639,2641,2643,2645,2647,2649,2651,2653,2655,2657,2659,2661,2663,2665,2667,2669,2671,2673,2675,2677,2679,2681,2683,2685,2687,2689,2691,2693,2695,2697,2699,2701,2703,2705,2707,2709,2711,2713,2715,2717,2719,2721,2723,2725,2727,2729,2731,2733,2735,2737,2739,2741,2743,2745,2747,2749,2751,2753,2755,2757,2759,2761,2763,2765,2767,2769,2771,2773,2775,2777,2779,2781,2783,2785,2787,2789,2791,2793,2795,2797,2799,2801,2803,2805,2807,2809,2811,2813,2815,2817,2819,2821,2823,2825,2827,2829,2831,2833,2835,2837,2839,2841,2843,2845,2847,2849,2851,2853,2855,2857,2859,2861,2863,2865,2867,2869,2871,2873,2875,2877,2879,2881,2883,2885,2887,2889,2891,2893,2895,2897,2899,2901,2903,2905,2907,2909,2911,2913,2915,2917,2919,2921,2923,2925,2927,2929,2931,2933,2935,2937,2939,2941,2943,2945,2947,2949,2951,2953,2955,2957,2959,2961,2963,2965,2967,2969,2971,2973,2975,2977,2979,2981,2983,2985,2987,2989,2991,2993,2995,2997,2999,3001,3003,3005,3007,3009,3011,3013,3015,3017,3019,3021,3023,3025,3027,3029,3031,3033,3035,3037,3039,3041,3043,3045,3047,3049,3051,3053,3055,3057,3059,3061,3063,3065,3067,3069,3071,3073,3075,3077,3079,3081,3083,3085,3087,3089,3091,3093,3095,3097,3099,3101,3103,3105,3107,3109,3111,3113,3115,3117,3119,3121,3123,3125,3127,3129,3131,3133,3135,3137,3139,3141,3143,3145,3147,3149,3151,3153,3155,3157,3159,3161,3163,3165,3167,3169,3171,3173,3175,3177,3179,3181,3183,3185,3187,3189,3191,3193,3195,3197,3199,3201,3203,3205,3207,3209,3211,3213,3215,3217,3219,3221,3223,3225,3227,3229,3231,3233,3235,3237,3239,3241,3243,3245,3247,3249,3251,3253,3255,3257,3259,3261,3263,3265,3267,3269,3271,3273,3275,3277,3279,3281,3283,3285,3287,3289,3291,3293,3295,3297,3299,3301,3303,3305,3307,3309,3311,3313,3315,3317,3319,3321,3323,3325,3327,3329,3331,3333,3335,3337,3339,3341,3343,3345,3347,3349,3351,3353,3355,3357,3359,3361,3363,3365,3367,3369,3371,3373,3375,3377,3379,3381,3383,3385,3387,3389,3391,3393,3395,3397,3399,3401,3403,3405,3407,3409,3411,3413,3415,3417,3419,3421,3423,3425,3427,3429,3431,3433,3435,3437,3439,3441,3443,3445,3447,3449,3451,3453,3455,3457,3459,3461,3463,3465,3467,3469,3471,3473,3475,3477,3479,3481,3483,3485,3487,3489,3491,3493,3495,3497,3499,3501,3503,3505,3507,3509,3511,3513,3515,3517,3519,3521,3523,3525,3527,3529,3531,3533,3535,3537,3539,3541,3543,3545,3547,3549,3551,3553,3555,3557,3559,3561,3563,3565,3567,3569,3571,3573,3575,3577,3579,3581,3583,3585,3587,3589,3591,3593,3595,3597,3599,3601,3603,3605,3607,3609,3611,3613,3615,3617,3619,3621,3623,3625,3627,3629,3631,3633,3635,3637,3639,3641,3643,3645,3647,3649,3651,3653,3655,3657,3659,3661,3663,3665,3667,3669,3671,3673,3675,3677,3679,3681,3683,3685,3687,3689,3691,3693,3695,3697,3699,3701,3703,3705,3707,3709,3711,3713,3715,3717,3719,3721,3723,3725,3727,3729,3731,3733,3735,3737,3739,3741,3743,3745,3747,3749,3751,3753,3755,3757,3759,3761,3763,3765,3767,3769,3771,3773,3775,3777,3779,3781,3783,3785,3787,3789,3791,3793,3795,3797,3799,3801,3803,3805,3807,3809,3811,3813,3815,3817,3819,3821,3823,3825,3827,3829,3831,3833,3835,3837,3839,3841,3843,3845,3847,3849,3851,3853,3855,3857,3859,3861,3863,3865,3867,3869,3871,3873,3875,3877,3879,3881,3883,3885,3887,3889,3891,3893,3895,3897,3899,3901,3903,3905,3907,3909,3911,3913,3915,3917,3919,3921
absurdly-goud-obsidian/journey/whiteboard/website-whiteboard.excalidraw.svg
  h_1197a506f6c7d6 1-2
absurdly-goud-obsidian/journey/whiteboard/weight-dumbbell.svg
  h_1197a506f6c7d6 1-18
---
{
  "schema_version": "authorship/3.0.0",
  "git_ai_version": "1.7.0",
  "base_commit_sha": "320f804b42b174a986d71deb85c4b8813641ed4d",
  "prompts": {},
  "humans": {
    "h_1197a506f6c7d6": {
      "author": "Alex Blake-Goudemond <alexgoudemond@gmail.com>"
    }
  }
}