absurdly-goud-obsidian/vision/design/website-design.md
  s_a09a2067912f0f::t_76762f7e362bf4 5,9-10,43,59-62,66-68,70
absurdly-goud-obsidian/vision/progress/website-progress.md
  s_a09a2067912f0f::t_7bb8d4e6cda8ec 23-26
absurdly-goud-obsidian/vision/whiteboard/website-whiteboard.excalidraw.md
  s_a09a2067912f0f::t_40908913056e3e 45-46,94-95,143-144,192-193,239-240,286-287,333-334,453,455,457,459,461,463,465,467,469,471,473,475,477,479,481,483,485,487,489,491,493,495,497,499,501,503,505,507,509,511,513,515,517,519,521,523,525,527,529,531,533,535,537,539,541,543,545,547,549,551,553,555,557,559,561,563,565,567,569,571,573,575,577,579,581,583,585,587,589,591,593,595,597,599,601,603,605,607,609,611,613,615,617,619,621,623,625,627,629,631,633,635,637,639,641,643,645,647,649,651,653,655,657,659,661,663,665,667,669,671,673,675,677,679,681,683,685,687,689,691,693,695,697,699,701,703,705,707,709,711,713,715,717,719,721,723,725,727,729,731,733,735,737,739,741,743,745,747,749,751,753,755,757,759,761,763,765,767,769,771,773,775,777,779,781,783,785,787,789,791,793,795,797,799,801,803,805,807,809,811,813,815,817,819,821,823,825,827,829,831,833,835,837,839,841,843,845,847,849,851,853,855,857,859,861,863,865,867,869,871,873,875,877,879,881,883,885,887,889,891,893,895,897,899,901
---
{
  "schema_version": "authorship/3.0.0",
  "git_ai_version": "1.6.24",
  "base_commit_sha": "301bea435b6fff8045f6450833299a055c9f38db",
  "prompts": {},
  "sessions": {
    "s_a09a2067912f0f": {
      "agent_id": {
        "tool": "github-copilot-cli",
        "id": "9acbfc97-e8b1-48f3-a671-70537e2f806f",
        "model": "unknown"
      },
      "human_author": "Alex Blake-Goudemond <alexgoudemond@gmail.com>"
    }
  }
}