docs/JEKYLL.md
  h_1197a506f6c7d6 15
absurdly-goud-obsidian/logos/abg-logo-duck.svg
  h_1197a506f6c7d6 1-320
README.md
  h_1197a506f6c7d6 3-4
absurdly-goud-obsidian/journey/whiteboard/website-whiteboard.excalidraw.md
  h_1197a506f6c7d6 1761,1763,1765,1767,1769,1771,1773,1775,1777,1779,1781,1783,1785,1787,1789,1791,1793,1795,1797,1799,1801,1803,1805,1807,1809,1811,1813,1815,1817,1819,1821,1823,1825,1827,1829,1831,1833,1835,1837,1839,1841,1843,1845,1847,1849,1851,1853,1855,1857,1859,1861,1863,1865,1867,1869,1871,1873,1875,1877,1879,1881,1883,1885,1887,1889,1891,1893,1895,1897,1899,1901,1903,1905,1907,1909,1911,1913,1915,1917,1919,1921,1923,1925,1927,1929,1931,1933,1935,1937,1939,1941,1943,1945,1947,1949,1951,1953,1955,1957,1959,1961,1963,1965,1967,1969,1971,1973,1975,1977,1979,1981,1983,1985,1987,1989,1991,1993,1995,1997,1999,2001,2003,2005,2007,2009,2011,2013,2015,2017,2019,2021,2023,2025,2027,2029,2031,2033,2035,2037,2039,2041,2043,2045,2047,2049,2051,2053,2055,2057,2059,2061,2063,2065,2067,2069,2071,2073,2075,2077,2079,2081,2083,2085,2087,2089,2091,2093,2095,2097,2099,2101,2103,2105,2107,2109,2111,2113,2115,2117,2119,2121,2123,2125,2127,2129,2131,2133,2135,2137,2139,2141,2143,2145,2147,2149,2151,2153,2155,2157,2159,2161,2163,2165,2167,2169,2171,2173,2175,2177,2179,2181,2183,2185,2187,2189,2191,2193,2195,2197,2199,2201,2203,2205,2207,2209,2211,2213,2215,2217,2219,2221,2223,2225,2227,2229,2231,2233,2235,2237,2239,2241,2243,2245,2247,2249,2251,2253,2255,2257,2259,2261,2263,2265,2267,2269,2271,2273,2275,2277,2279,2281,2283,2285,2287,2289,2291,2293,2295,2297,2299,2301,2303,2305,2307,2309,2311,2313,2315,2317,2319,2321,2323,2325,2327,2329,2331,2333,2335,2337,2339,2341,2343,2345,2347,2349,2351,2353,2355,2357,2359,2361,2363,2365,2367,2369,2371,2373,2375,2377,2379,2381,2383,2385,2387,2389,2391,2393,2395,2397,2399,2401,2403,2405,2407,2409,2411,2413,2415,2417,2419,2421,2423,2425,2427,2429,2431,2433,2435,2437,2439,2441,2443,2445,2447,2449,2451,2453,2455,2457,2459,2461,2463,2465,2467,2469,2471,2473,2475,2477,2479,2481,2483,2485,2487,2489,2491,2493,2495,2497,2499,2501,2503,2505,2507,2509,2511,2513,2515,2517,2519,2521,2523,2525,2527,2529,2531,2533,2535,2537,2539,2541,2543,2545,2547,2549,2551,2553,2555,2557,2559,2561,2563,2565,2567,2569,2571,2573,2575,2577,2579,2581,2583,2585,2587,2589,2591,2593,2595,2597,2599,2601,2603,2605,2607,2609,2611,2613,2615,2617,2619,2621,2623,2625,2627,2629,2631,2633,2635,2637,2639,2641,2643,2645,2647,2649,2651,2653,2655,2657,2659,2661,2663,2665,2667,2669,2671,2673,2675,2677,2679,2681,2683,2685,2687,2689,2691,2693,2695,2697,2699,2701,2703,2705,2707,2709,2711,2713,2715,2717,2719,2721,2723,2725,2727,2729,2731,2733,2735,2737,2739,2741,2743,2745,2747,2749,2751,2753,2755,2757,2759,2761,2763,2765-2903
absurdly-goud-obsidian/journey/whiteboard/website-whiteboard.excalidraw.svg
  h_1197a506f6c7d6 2
assets/images/duck.svg
  h_1197a506f6c7d6 1-2,4,6,8,14-16,18,24,26,28,34,40-41,43,47-48,50,54-55,61-62,68-69,75-76,82-83,89,91,93,99,101,103,108-319
favicon.svg
  h_1197a506f6c7d6 1-2,4,6,8,14-16,18,24,26,28,34,40-41,43,47-48,50,54-55,61-62,68-69,75-76,82-83,89,91,93,99,101,103,108-319
---
{
  "schema_version": "authorship/3.0.0",
  "git_ai_version": "1.7.0",
  "base_commit_sha": "6d804ebeeaa9fb6b431cb04e30101acf0ac62d9b",
  "prompts": {},
  "humans": {
    "h_1197a506f6c7d6": {
      "author": "Alex Blake-Goudemond <alexgoudemond@gmail.com>"
    }
  }
}