absurdly-goud-obsidian/journey/progress/website-progress.md
  h_1197a506f6c7d6 5-7
absurdly-goud-obsidian/journey/whiteboard/website-whiteboard.excalidraw.md
  h_1197a506f6c7d6 3215,3217,3219,3221,3223,3225,3227,3229,3231,3233,3235,3237,3239,3241,3243,3245,3247,3249,3251,3253,3255,3257,3259,3261,3263,3265,3267,3269,3271,3273,3275,3277,3279,3281,3283,3285,3287,3289,3291,3293,3295,3297,3299,3301,3303,3305,3307,3309,3311,3313,3315,3317,3319,3321,3323,3325,3327,3329,3331,3333,3335,3337,3339,3341,3343,3345,3347,3349,3351,3353,3355,3357,3359,3361,3363,3365,3367,3369,3371,3373,3375,3377,3379,3381,3383,3385,3387,3389,3391,3393,3395,3397,3399,3401,3403,3405,3407,3409,3411,3413,3415,3417,3419,3421,3423,3425,3427,3429,3431,3433,3435,3437,3439,3441,3443,3445,3447,3449,3451,3453,3455,3457,3459,3461,3463,3465,3467,3469,3471,3473,3475,3477,3479,3481,3483,3485,3487,3489,3491,3493,3495,3497,3499,3501,3503,3505,3507,3509,3511,3513,3515,3517,3519,3521,3523,3525,3527,3529,3531,3533,3535,3537,3539,3541,3543,3545,3547,3549,3551,3553,3555,3557,3559,3561,3563,3565,3567,3569,3571,3573,3575,3577,3579,3581,3583,3585,3587,3589,3591,3593,3595,3597,3599,3601,3603,3605,3607,3609,3611,3613,3615,3617,3619,3621,3623,3625,3627,3629,3631,3633,3635,3637,3639,3641,3643,3645,3647,3649,3651,3653,3655,3657,3659,3661,3663,3665,3667,3669,3671,3673,3675,3677,3679,3681,3683,3685,3687,3689,3691,3693,3695,3697,3699,3701,3703,3705,3707,3709,3711,3713,3715,3717,3719,3721,3723,3725,3727,3729,3731,3733,3735,3737,3739,3741,3743,3745,3747,3749,3751,3753,3755,3757,3759,3761,3763,3765,3767,3769,3771,3773,3775,3777,3779,3781,3783,3785,3787,3789,3791,3793,3795,3797,3799,3801,3803,3805,3807,3809,3811,3813,3815,3817,3819,3821,3823,3825,3827,3829,3831,3833,3835,3837,3839,3841,3843,3845,3847,3849,3851,3853,3855,3857,3859,3861,3863,3865,3867,3869,3871,3873,3875,3877,3879,3881,3883,3885,3887,3889,3891,3893-3969
absurdly-goud-obsidian/journey/whiteboard/website-whiteboard.excalidraw.svg
  h_1197a506f6c7d6 1-2
---
{
  "schema_version": "authorship/3.0.0",
  "git_ai_version": "1.7.4",
  "base_commit_sha": "608bbc490addf7520ec74697c133e208feef43a6",
  "prompts": {},
  "humans": {
    "h_1197a506f6c7d6": {
      "author": "Alex Blake-Goudemond <alexgoudemond@gmail.com>"
    }
  }
}