.gitignore
  h_1197a506f6c7d6 13-15
absurdly-goud-obsidian/vision/design/website-design.md
  s_a09a2067912f0f::t_4ba14a480219d2 7-40
absurdly-goud-obsidian/vision/design/website-inspiration.md
  s_a09a2067912f0f::t_b68e0bbbfd4871 7-8,10-22
absurdly-goud-obsidian/vision/progress/website-progress.md
  s_a09a2067912f0f::t_7c180d3ca559e2 2-4
absurdly-goud-obsidian/vision/whiteboard/website-whiteboard.excalidraw.md
  s_a09a2067912f0f::t_d0c15319cf6fc6 370-428,514-664,666,668,670,672,674,676,678,680,682,684,686,688,690,692,694,696,698,700,702,704,706,708,710,712,714,716,718,720,722,724,726,728,730,732,734,736,738,740,742,744,746,748,750,752,754,756,758,760,762,764,766,768,770,772,774,776,778,780,782,784,786,788,790,792,794,796,798,800,802,804,806,808,810,812,814,816,818,820,822,824,826,828,830,832,834,836,838,840,842,844,846,848,850,852,854,856,858,860,862,864,866,868,870,872,874,876,878,880,882,884,886,888,890,892,894,896,898,900,902,904,906,908,910,912,914,916,918,920,922,924,926,928,930,932,934,936,938,940,942,944,946,948,950,952,954,956,958,960,962,964,966,968,970,972,974,976,978,980,982,984,986,988,990,992,994,996,998,1000,1002,1004,1006,1008,1010,1012,1014,1016,1018,1020,1022,1024,1026,1028,1030,1032,1034,1036,1038,1040,1042,1044,1046,1048,1050,1052,1054,1056,1058,1060,1062,1064,1066,1068,1070,1072,1074,1076,1078,1080,1082,1084,1086,1088,1090,1092,1094,1096,1098,1100,1102,1104,1106,1108,1110
absurdly-goud-obsidian/posts/2026/08/25/2026-08-25-show-and-tell-with-a-friend.md
  h_1197a506f6c7d6 1-5
---
{
  "schema_version": "authorship/3.0.0",
  "git_ai_version": "1.6.24",
  "base_commit_sha": "8fe0939d8cce645b40a89df9644c11fbb20df169",
  "prompts": {},
  "humans": {
    "h_1197a506f6c7d6": {
      "author": "Alex Blake-Goudemond <alexgoudemond@gmail.com>"
    }
  },
  "sessions": {
    "s_a09a2067912f0f": {
      "agent_id": {
        "tool": "github-copilot-cli",
        "id": "9acbfc97-e8b1-48f3-a671-70537e2f806f",
        "model": "unknown"
      },
      "human_author": "Alex Blake-Goudemond <alexgoudemond@gmail.com>"
    }
  }
}